Vorab-Kontrolle gut: {'Ansicht': 14, 'gameOver': 0, 'Mensch': 1, 'Platz': 1}
Apfelplantage x 9, Kosten je Stueck {'holz': 3, 'stein': 0, 'eisen': 0, 'pech': 0, 'gold': 15}; Vorrat vorher Holz 145 Gold 3932
  gebaut (203,112) als Nr 40, Versuch 1
  gebaut (201,102) als Nr 41, Versuch 1
  gebaut (197,92) als Nr 42, Versuch 1
  gebaut (199,139) als Nr 43, Versuch 1
  gebaut (207,92) als Nr 44, Versuch 1
  gebaut (200,149) als Nr 45, Versuch 1
  gebaut (194,159) als Nr 46, Versuch 1
  gebaut (210,150) als Nr 47, Versuch 1
  gebaut (204,160) als Nr 48, Versuch 1
GEBAUT 9 von 9; Holz 145 -> 118, Gold 3932 -> 3809
Tick | Ware | Beliebtheit | Essen | Bauern | freie Leute
  655 |   14 |  93.25 |  -250 |   0 |  10
  855 |   15 |  93.50 |     0 |   9 |   1
 1055 |   15 |  93.75 |     0 |   9 |   1
 1255 |   15 |  95.25 |   125 |   9 |   1
 1455 |   15 |  96.75 |   125 |   9 |   1
 1655 |   15 |  98.25 |   125 |   9 |   1
 1855 |   15 |  99.75 |   125 |   9 |   1
 2055 |   15 | 100.00 |   125 |   9 |   1
 2255 |   14 | 100.00 |   125 |   9 |   1
 2455 |   14 | 100.00 |   125 |   9 |   1
 2655 |   18 | 100.00 |   125 |   9 |   1
 2855 |   34 | 100.00 |   125 |   9 |   1
 3055 |   42 | 100.00 |   125 |   9 |   1
 3255 |   50 | 100.00 |   125 |   9 |   1
 3455 |   50 | 100.00 |   125 |   9 |   1
 3655 |   50 | 100.00 |   125 |   9 |   1
 3855 |   50 | 100.00 |   125 |   9 |   1
 4055 |   50 | 100.00 |   125 |   9 |   1
 4255 |   49 | 100.00 |   125 |   9 |   1
 4455 |   49 | 100.00 |   125 |   9 |   1
 4655 |   49 | 100.00 |   125 |   9 |   1
 4855 |   64 | 100.00 |   125 |   9 |   1
 5055 |   89 | 100.00 |   125 |   9 |   1
 5255 |   94 | 100.00 |   125 |   9 |   1
 5455 |   94 | 100.00 |   125 |   9 |   1
 5655 |   94 | 100.00 |   125 |   9 |   1
 5855 |   94 | 100.00 |   125 |   9 |   1
 6055 |   94 | 100.00 |   125 |   9 |   1
 6255 |   93 | 100.00 |   125 |   9 |   1
 6455 |   93 | 100.00 |   125 |   9 |   1
 6655 |   93 | 100.00 |   125 |   9 |   1
