Apfelplantagen (Groesse 10) um die Kornspeicher-Mitte (170.5,117.5); Umkreis = Schachbrett-Abstand der Farm-Mitte
Umkreis | Stellen | gierig | beste | Gitter-Grenze | bewiesen | Weg-Summe beste | naechste Farm
     20 |       0 |      0 |     0 |             0 |       ja |               0 | -
        Stellen: 
     25 |       0 |      0 |     0 |             0 |       ja |               0 | -
        Stellen: 
     30 |       0 |      0 |     0 |             0 |       ja |               0 | -
        Stellen: 
     35 |      72 |      2 |     3 |             3 |       ja |             116 | (201, 102) Abst. 36.7
        Stellen: (201,102) (197,92) (199,139)
     40 |     247 |      5 |     6 |             6 |       ja |             256 | (201, 102) Abst. 36.7
        Stellen: (201,102) (203,112) (197,92) (199,139) (195,153) (205,149)
     45 |     408 |      6 |     7 |             9 |       ja |             302 | (201, 102) Abst. 36.7
        Stellen: (201,102) (203,112) (197,92) (199,139) (207,92) (195,153) (205,149)
     50 |     539 |      9 |    10 |            12 |       ja |             474 | (201, 102) Abst. 36.7
        Stellen: (201,102) (203,112) (197,92) (199,139) (207,92) (200,149) (144,64) (194,159) (210,150) (204,160)
     60 |     936 |     18 |    21 |            24 |       ja |            1131 | (201, 102) Abst. 36.7
        Stellen: (201,102) (203,112) (197,92) (199,139) (207,92) (200,149) (153,62) (115,127) (143,64) (195,159) (217,93) (111,117) (185,166) (110,107) (175,169) (210,150) (107,97) (206,160) (221,83) (196,169) (106,170)
     70 |    1207 |     23 |    25 |            30 |       ja |            1441 | (201, 102) Abst. 36.7
        Stellen: (201,102) (203,112) (197,92) (199,139) (207,92) (200,149) (153,62) (115,127) (143,64) (195,159) (217,93) (111,117) (185,166) (110,107) (175,169) (210,150) (107,97) (206,160) (221,83) (196,169) (101,118) (100,108) (99,163) (106,173) (105,183)
     80 |    1280 |     25 |    27 |            32 |       ja |            1612 | (201, 102) Abst. 36.7
        Stellen: (201,102) (203,112) (197,92) (199,139) (207,92) (200,149) (153,62) (115,127) (143,64) (195,159) (217,93) (111,117) (185,166) (110,107) (175,169) (210,150) (107,97) (206,160) (221,83) (196,169) (101,118) (100,108) (167,185) (104,168) (106,178) (94,170) (105,188)
