nr art zustand x y stufe
1 3 2 32 195 3
2 17 4 216 350 4
3 17 4 183 49 4
4 3 2 9 200 3
5 3 2 41 209 3
6 3 2 38 211 3
7 3 2 34 228 3
8 17 4 213 348 4
9 3 2 38 184 3
10 3 2 33 183 3
11 3 2 37 188 3
12 3 2 23 184 3
13 3 2 20 187 3
14 3 2 40 214 3
15 3 2 44 239 3
16 3 2 21 219 3
17 3 2 20 216 3
18 17 4 186 51 4
19 2 2 22 213 3
20 2 2 38 198 3
21 2 2 34 198 3
22 2 2 40 219 3
23 2 2 24 181 3
24 1 2 335 230 1
25 2 2 45 242 3
26 2 2 35 231 3
27 10 2 26 204 4
28 10 2 30 209 4
29 10 2 23 216 4
30 10 2 44 235 4
31 10 2 44 236 4
32 10 2 44 236 4
33 10 2 50 246 4
34 10 2 45 222 4
35 10 2 46 208 4
36 10 2 48 189 4
37 10 2 38 181 4
38 10 2 39 182 4
39 10 2 31 175 4
40 18 4 45 222 4
41 18 4 43 220 4
42 18 4 46 209 4
43 18 4 47 206 4
44 18 4 50 192 4
45 18 4 45 189 4
46 18 4 45 234 4
47 18 4 49 247 4
48 18 4 48 242 4
49 18 4 48 229 4
50 18 4 50 231 4
51 18 4 51 232 4
52 18 4 25 216 4
53 18 4 26 206 4
54 18 4 26 207 4
55 18 4 27 200 4
56 18 4 41 193 4
57 18 4 39 194 4
58 18 4 60 256 4
59 18 4 60 253 4
60 10 2 55 242 4
61 10 2 52 239 4
62 10 2 56 252 4
63 18 4 58 247 4
64 3 2 57 249 3
65 17 4 211 340 4
66 17 4 188 59 4
67 17 4 209 338 4
68 17 4 190 61 4
69 17 4 207 339 4
70 17 4 192 60 4
71 17 4 220 357 4
72 17 4 179 42 4
73 17 4 223 359 4
74 17 4 176 40 4
75 17 4 224 366 4
76 17 4 175 33 4
77 17 4 216 359 4
78 17 4 183 40 4
79 17 4 210 353 4
80 17 4 189 46 4
81 19 4 207 341 4
82 19 4 192 58 4
83 19 4 208 342 4
84 19 4 191 57 4
85 19 4 213 351 4
86 19 4 186 48 4
87 19 4 225 367 4
88 19 4 174 32 4
89 19 4 226 362 4
90 19 4 173 37 4
91 19 4 220 358 4
92 19 4 179 41 4
93 19 4 211 354 4
94 19 4 188 45 4
95 19 4 206 348 4
96 19 4 193 51 4
97 19 4 197 339 4
98 19 4 202 60 4
99 19 4 210 365 4
100 19 4 189 34 4
101 19 4 209 363 4
102 19 4 190 36 4
103 19 4 199 356 4
104 19 4 200 43 4
105 19 4 196 359 4
106 19 4 203 40 4
107 19 4 196 360 4
108 19 4 203 39 4
109 17 4 197 360 4
110 17 4 202 39 4
111 17 4 205 370 4
112 17 4 194 29 4
113 17 4 204 371 4
114 17 4 195 28 4
115 17 4 204 366 4
116 17 4 195 33 4
117 17 4 197 343 4
118 17 4 202 56 4
119 17 4 191 338 4
120 17 4 208 61 4
121 2 2 163 311 3
122 2 2 236 88 3
123 17 4 319 207 4
124 17 4 80 192 4
125 17 4 321 208 4
126 17 4 78 191 4
127 17 4 328 210 4
128 17 4 71 189 4
129 19 4 330 212 4
130 19 4 69 187 4
131 19 4 332 213 4
132 19 4 67 186 4
133 19 4 326 208 4
134 19 4 73 191 4
135 19 4 315 205 4
136 19 4 84 194 4
137 19 4 311 204 4
138 19 4 88 195 4
139 19 4 322 203 4
140 19 4 77 196 4
141 19 4 329 202 4
142 19 4 70 197 4
143 17 4 334 202 4
144 17 4 65 197 4
145 17 4 334 201 4
146 17 4 65 198 4
147 17 4 329 203 4
148 17 4 70 196 4
149 17 4 324 201 4
150 17 4 75 198 4
151 17 4 313 202 4
152 17 4 86 197 4
153 17 4 315 203 4
154 17 4 84 196 4
155 17 4 327 205 4
156 17 4 72 194 4
157 19 4 76 265 4
158 19 4 323 134 4
159 19 4 80 261 4
160 19 4 319 138 4
161 19 4 71 261 4
162 19 4 328 138 4
163 16 4 83 204 4
164 16 4 316 195 4
165 10 2 194 209 4
166 10 2 205 190 4
167 10 2 205 207 4
168 10 2 194 192 4
169 17 4 77 205 4
170 17 4 322 194 4
171 17 4 72 204 4
172 17 4 327 195 4
173 17 4 66 208 4
174 17 4 333 191 4
175 17 4 72 270 4
176 17 4 327 129 4
177 5 2 181 370 4
178 5 2 218 29 4
179 5 2 183 371 4
180 5 2 216 28 4
181 5 2 191 380 4
182 5 2 208 19 4
183 5 2 194 382 4
184 5 2 205 17 4
185 5 2 206 390 4
186 5 2 193 9 4
187 5 2 205 392 4
188 5 2 194 7 4
189 5 2 212 379 4
190 5 2 187 20 4
191 5 2 206 375 4
192 5 2 193 24 4
193 5 2 204 368 4
194 5 2 195 31 4
195 5 2 205 366 4
196 5 2 194 33 4
197 5 2 197 359 4
198 5 2 202 40 4
199 5 2 194 362 4
200 5 2 205 37 4
201 5 2 191 359 4
202 5 2 208 40 4
203 5 2 179 349 4
204 5 2 220 50 4
205 5 2 175 351 4
206 5 2 224 48 4
207 5 2 170 355 4
208 5 2 229 44 4
209 5 2 171 368 4
210 5 2 228 31 4
211 5 2 174 370 4
212 5 2 225 29 4
213 17 4 191 381 4
214 17 4 208 18 4
215 17 4 204 378 4
216 17 4 195 21 4
217 17 4 203 377 4
218 17 4 196 22 4
219 17 4 179 358 4
220 17 4 220 41 4
221 17 4 181 372 4
222 17 4 218 27 4
223 17 4 173 367 4
224 17 4 226 32 4
225 1 2 189 373 3
226 1 2 210 26 3
227 17 4 190 364 4
228 17 4 209 35 4
229 17 4 189 384 4
230 17 4 210 15 4
231 17 4 190 384 4
232 17 4 209 15 4
233 17 4 207 390 4
234 17 4 192 9 4
235 17 4 214 377 4
236 17 4 185 22 4
237 1 2 192 372 3
238 1 2 207 27 3
239 1 2 192 375 3
240 1 2 207 24 3
241 1 2 210 381 3
242 1 2 189 18 3
243 1 2 200 393 3
244 1 2 199 6 3
245 1 2 196 391 3
246 1 2 203 8 3
247 1 2 200 396 3
248 1 2 199 3 3
249 3 2 268 325 3
250 3 2 131 74 3
251 1 2 175 364 3
252 1 2 224 35 3
253 1 2 178 373 3
254 1 2 221 26 3
255 1 2 185 354 3
256 1 2 214 45 3
257 3 2 208 221 1
258 3 2 190 177 1
259 1 2 183 343 3
260 1 2 216 56 3
261 1 2 181 333 3
262 1 2 218 66 3
263 1 2 175 356 3
264 1 2 224 43 3
265 1 2 173 353 3
266 1 2 226 46 3
267 1 2 178 338 3
268 1 2 221 61 3
269 1 2 197 371 3
270 1 2 202 28 3
271 1 2 201 381 3
272 1 2 198 18 3
273 1 2 200 377 3
274 1 2 199 22 3
275 1 2 45 159 3
276 1 2 354 240 3
277 1 2 48 160 3
278 1 2 351 239 3
279 1 2 48 157 3
280 1 2 351 242 3
281 1 2 167 361 3
282 1 2 232 38 3
283 1 2 43 165 3
284 1 2 356 234 3
285 1 2 44 168 3
286 1 2 355 231 3
287 1 2 52 169 3
288 1 2 347 230 3
289 1 2 52 174 3
290 1 2 347 225 3
291 1 2 62 175 3
292 1 2 337 224 3
293 1 2 60 172 3
294 1 2 339 227 3
295 1 2 52 162 3
296 1 2 347 237 3
297 3 2 299 251 3
298 3 2 100 148 3
299 3 2 95 290 3
300 3 2 216 208 1
301 1 2 174 337 3
302 1 2 225 62 3
303 3 2 295 266 3
304 3 2 104 133 3
305 10 2 210 201 4
306 10 2 189 198 4
307 3 2 296 263 3
308 3 2 103 136 3
309 3 2 309 244 3
310 3 2 90 155 3
311 2 2 98 290 3
312 2 2 301 109 3
313 2 2 302 251 3
314 2 2 97 148 3
315 2 2 294 260 3
316 2 2 105 139 3
317 2 2 293 263 3
318 2 2 106 136 3
319 2 2 289 264 3
320 2 2 110 135 3
321 1 2 210 386 3
322 1 2 189 13 3
323 3 2 272 323 3
324 1 2 188 380 3
325 1 2 187 377 3
326 1 2 212 22 3
327 1 2 197 364 3
328 1 2 202 35 3
329 1 2 70 251 3
330 1 2 329 148 3
331 1 2 69 248 3
332 1 2 330 151 3
333 1 2 73 250 3
334 1 2 326 149 3
335 1 2 70 255 3
336 1 2 329 144 3
337 1 2 56 215 3
338 1 2 343 184 3
339 1 2 59 216 3
340 1 2 340 183 3
341 1 2 57 219 3
342 1 2 342 180 3
343 3 2 127 76 3
344 2 2 275 321 3
345 2 2 124 78 3
346 2 2 268 328 3
347 2 2 131 71 3
348 10 2 271 325 4
349 10 2 128 74 4
350 18 4 267 326 4
351 18 4 132 73 4
352 18 4 278 319 4
353 18 4 121 80 4
354 18 4 278 319 4
355 18 4 121 80 4
356 18 4 270 325 4
357 18 4 129 74 4
358 18 4 263 333 4
359 18 4 136 66 4
360 1 2 242 354 3
361 1 2 157 45 3
362 1 2 240 351 3
363 1 2 159 48 3
364 1 2 233 363 3
365 1 2 166 36 3
366 1 2 202 352 3
367 1 2 197 47 3
368 1 2 191 342 3
369 1 2 208 57 3
370 3 2 191 265 3
371 3 2 208 134 3
372 18 4 201 209 4
373 18 4 198 190 4
374 3 2 93 287 3
375 3 2 292 102 3
376 3 2 305 111 3
377 2 2 114 308 3
378 2 2 285 91 3
379 3 2 182 190 1
380 2 2 204 220 1
381 2 2 109 306 3
382 2 2 295 102 3
383 2 2 289 92 3
384 2 2 189 276 3
385 2 2 209 122 3
386 10 2 105 300 4
387 10 2 294 99 4
388 2 2 192 260 3
389 2 2 206 138 3
390 2 2 194 178 1
391 2 2 201 215 2
392 2 2 197 183 2
393 2 2 213 199 2
394 2 2 185 199 2
395 2 2 188 219 2
396 2 2 272 308 3
397 2 2 127 91 3
398 2 2 269 305 3
399 2 2 130 94 3
400 17 4 72 269 4
401 17 4 327 130 4
402 3 2 259 324 3
403 3 2 140 75 3
404 10 2 273 313 4
405 10 2 126 86 4
406 10 2 275 311 4
407 10 2 124 88 4
408 10 2 261 326 4
409 10 2 138 73 4
410 18 4 278 314 4
411 18 4 121 85 4
412 18 4 270 302 4
413 18 4 129 97 4
414 18 4 261 327 4
415 18 4 138 72 4
416 18 4 258 321 4
417 15 2 195 290 1
418 10 2 299 254 4
419 10 2 100 145 4
420 10 2 304 250 4
421 10 2 95 149 4
422 10 2 306 249 4
423 10 2 93 150 4
424 10 2 297 266 4
425 10 2 102 133 4
426 18 4 296 261 4
427 18 4 103 138 4
428 18 4 297 260 4
429 18 4 102 139 4
430 18 4 305 251 4
431 18 4 94 148 4
432 18 4 307 244 4
433 18 4 92 155 4
434 18 4 297 252 4
435 18 4 102 147 4
436 18 4 290 262 4
437 18 4 109 137 4
438 18 4 202 209 4
439 18 4 197 190 4
440 1 2 274 215 3
441 1 2 125 184 3
442 1 2 275 218 3
443 1 2 124 181 3
444 1 2 278 214 3
445 1 2 121 185 3
446 1 2 264 208 3
447 1 2 135 191 3
448 1 2 262 225 3
449 1 2 137 174 3
450 1 2 258 225 3
451 1 2 141 174 3
452 1 2 261 228 3
453 1 2 138 171 3
454 1 2 256 230 3
455 1 2 143 169 3
456 1 2 270 200 3
457 1 2 129 199 3
458 16 4 135 307 4
459 16 4 264 92 4
460 16 4 122 308 4
461 16 4 277 91 4
462 18 4 210 202 4
463 18 4 189 197 4
464 1 2 95 120 3
465 1 2 304 279 3
466 1 2 94 117 3
467 1 2 305 282 3
468 1 2 91 112 3
469 1 2 308 287 3
470 6 2 131 166 4
471 6 2 268 233 4
472 6 2 267 231 4
473 6 2 132 168 4
474 3 2 188 263 3
475 3 2 211 136 3
476 3 2 186 257 3
477 3 2 213 142 3
478 2 2 191 268 3
479 2 2 208 131 3
480 2 2 195 271 3
481 2 2 204 128 3
482 2 2 187 260 3
483 2 2 212 139 3
484 10 2 192 273 4
485 10 2 207 126 4
486 10 2 191 271 4
487 10 2 208 128 4
488 10 2 195 277 4
489 10 2 204 122 4
490 10 2 186 262 4
491 10 2 213 137 4
492 10 2 190 263 4
493 10 2 209 136 4
494 18 4 191 272 4
495 18 4 208 127 4
496 18 4 194 275 4
497 18 4 205 124 4
498 18 4 196 278 4
499 18 4 203 121 4
500 18 4 185 261 4
501 18 4 214 138 4
502 18 4 185 256 4
503 18 4 214 143 4
504 18 4 196 264 4
505 18 4 203 135 4
506 4 2 59 232 3
507 4 2 340 167 3
508 18 4 206 192 4
509 18 4 193 207 4
510 4 2 62 234 3
511 4 2 337 165 3
512 4 2 68 262 3
513 4 2 331 137 3
514 4 2 43 173 3
515 4 2 356 226 3
516 4 2 37 172 3
517 4 2 362 227 3
518 4 2 38 169 3
519 4 2 361 230 3
520 18 4 195 208 4
521 18 4 204 191 4
522 3 2 188 204 3
523 3 2 211 195 3
524 3 2 191 224 2
525 3 2 207 174 2
526 10 2 182 222 4
527 10 2 217 177 4
528 10 2 181 224 4
529 10 2 218 175 4
530 3 2 178 203 2
531 3 2 220 195 2
532 2 2 204 211 4
533 2 2 194 187 4
534 2 2 198 213 4
535 2 2 200 185 4
536 16 4 132 193 4
537 16 4 267 206 4
538 16 4 135 196 4
539 16 4 264 203 4
540 2 2 181 201 4
541 2 2 217 197 4
542 18 4 178 221 4
543 18 4 221 178 4
544 16 4 138 181 4
545 16 4 261 218 4
546 2 2 167 312 4
547 2 2 231 86 4
548 6 2 136 172 4
549 6 2 263 227 4
550 6 2 161 327 4
551 6 2 238 72 4
552 6 2 161 328 4
553 6 2 238 71 4
554 16 4 124 310 4
555 16 4 275 89 4
556 16 4 148 313 4
557 16 4 251 86 4
558 9 2 42 201 4
559 5 2 45 203 4
560 6 2 129 322 4
561 6 2 270 77 4
562 6 2 149 346 4
563 6 2 250 53 4
564 6 2 152 344 4
565 6 2 247 55 4
566 6 2 159 356 4
567 6 2 240 43 4
568 6 2 161 344 4
569 6 2 238 55 4
570 8 2 159 344 4
571 8 2 240 55 4
572 8 2 163 328 4
573 8 2 236 71 4
574 8 2 123 315 4
575 8 2 276 84 4
576 6 2 48 202 4
577 7 2 61 205 4
578 7 2 338 194 4
579 7 2 77 202 4
580 7 2 322 197 4
581 7 2 65 192 4
582 7 2 334 207 4
583 7 2 88 201 4
584 7 2 159 346 4
585 7 2 240 53 4
586 6 2 138 178 4
587 6 2 261 221 4
588 7 2 185 368 4
589 7 2 214 31 4
590 7 2 187 364 4
591 7 2 212 35 4
592 7 2 198 386 4
593 7 2 201 13 4
594 7 2 200 386 4
595 7 2 199 13 4
596 7 2 210 373 4
597 7 2 189 26 4
598 7 2 213 384 4
599 7 2 186 15 4
600 7 2 214 383 4
601 7 2 185 16 4
602 7 2 167 364 4
603 7 2 232 35 4
604 8 2 213 363 4
605 8 2 186 36 4
606 8 2 208 349 4
607 8 2 191 50 4
608 8 2 207 346 4
609 8 2 192 53 4
610 8 2 214 352 4
611 8 2 185 47 4
612 8 2 215 352 4
613 8 2 184 47 4
614 8 2 227 363 4
615 8 2 172 36 4
616 8 2 230 365 4
617 8 2 169 34 4
618 8 2 205 337 4
619 8 2 194 62 4
620 8 2 192 333 4
621 8 2 207 66 4
622 8 2 195 339 4
623 8 2 204 60 4
624 8 2 198 339 4
625 8 2 201 60 4
626 8 2 200 357 4
627 8 2 199 42 4
628 8 2 206 365 4
629 8 2 193 34 4
630 8 2 208 367 4
631 8 2 191 32 4
632 8 2 197 328 4
633 8 2 202 71 4
634 6 2 195 320 4
635 6 2 204 79 4
636 6 2 206 329 4
637 6 2 193 70 4
638 6 2 219 376 4
639 6 2 180 23 4
640 9 2 206 135 4
641 9 2 193 264 4
642 9 2 211 132 4
643 9 2 188 267 4
644 9 2 201 152 4
645 9 2 198 247 4
646 9 2 184 168 4
647 9 2 215 231 4
648 9 2 184 165 4
649 9 2 215 234 4
650 9 2 172 173 4
651 9 2 227 226 4
652 1 2 261 210 3
653 1 2 138 189 3
654 1 2 264 213 3
655 1 2 135 186 3
656 9 2 168 320 4
657 9 2 231 79 4
658 9 2 166 319 4
659 9 2 233 80 4
660 9 2 157 307 4
661 9 2 242 92 4
662 9 2 122 210 4
663 9 2 277 189 4
664 9 2 123 211 4
665 9 2 276 188 4
666 9 2 90 284 4
667 9 2 309 115 4
668 9 2 89 283 4
669 9 2 310 116 4
670 9 2 86 283 4
671 9 2 313 116 4
672 9 2 113 310 4
673 9 2 286 89 4
674 3 2 164 319 2
675 3 2 234 79 2
676 9 2 277 305 4
677 9 2 122 94 4
678 3 2 282 248 4
679 3 2 117 151 4
680 3 2 292 266 0
681 3 2 107 133 0
682 9 2 273 209 4
683 9 2 126 190 4
684 9 2 271 219 4
685 9 2 128 180 4
686 9 2 271 220 4
687 9 2 128 179 4
688 9 2 274 223 4
689 9 2 125 176 4
690 9 2 278 208 4
691 9 2 121 191 4
692 9 2 279 207 4
693 9 2 120 192 4
694 9 2 274 197 4
695 9 2 125 202 4
696 9 2 264 226 4
697 9 2 135 173 4
698 6 2 40 216 4
699 6 2 42 213 4
700 6 2 37 190 4
701 6 2 38 191 4
702 6 2 41 190 4
703 6 2 40 184 4
704 6 2 11 202 4
705 6 2 10 202 4
706 6 2 8 206 4
707 6 2 27 223 4
708 6 2 32 220 4
709 6 2 34 220 4
710 6 2 44 237 4
711 6 2 54 243 4
712 6 2 18 192 4
713 6 2 14 189 4
714 6 2 24 186 4
715 6 2 22 201 4
716 6 2 19 201 4
717 9 2 23 207 4
718 9 2 37 201 4
719 9 2 48 200 4
720 9 2 49 199 4
721 9 2 43 212 4
722 9 2 43 211 4
723 9 2 43 218 4
724 9 2 47 243 4
725 9 2 52 237 4
726 9 2 50 235 4
727 9 2 59 253 4
728 9 2 13 204 4
729 9 2 6 200 4
730 9 2 60 255 4
731 9 2 6 202 4
732 3 2 10 206 3
733 1 2 64 169 1
734 2 2 13 208 3
735 2 2 10 196 3
736 3 2 19 191 3
737 3 2 13 198 3
738 3 2 14 203 3
739 3 2 27 203 3
740 3 2 33 204 3
741 3 2 26 221 3
742 3 2 30 223 3
743 3 2 21 205 3
744 3 2 25 213 3
745 3 2 29 186 3
746 8 2 365 203 4
747 8 2 371 194 4
748 8 2 369 200 4
749 8 2 366 195 4
750 7 2 75 154 4
751 7 2 324 245 4
752 7 2 81 155 4
753 7 2 318 244 4
754 7 2 73 171 4
755 7 2 326 228 4
756 7 2 74 169 4
757 7 2 325 230 4
758 7 2 79 168 4
759 7 2 320 231 4
760 7 2 79 170 4
761 7 2 320 229 4
762 7 2 54 160 4
763 7 2 345 239 4
764 7 2 52 159 4
765 7 2 347 240 4
766 7 2 66 138 4
767 7 2 333 261 4
768 6 2 142 171 4
769 6 2 257 228 4
770 6 2 122 183 4
771 6 2 277 216 4
772 8 2 82 122 4
773 8 2 317 277 4
774 8 2 62 143 4
775 8 2 337 256 4
776 8 2 63 144 4
777 8 2 336 255 4
778 17 4 81 153 4
779 17 4 318 246 4
780 17 4 58 148 4
781 17 4 341 251 4
782 17 4 67 138 4
783 17 4 332 261 4
784 17 4 81 140 4
785 17 4 318 259 4
786 17 4 73 133 4
787 17 4 326 266 4
788 17 4 88 124 4
789 17 4 311 275 4
790 17 4 77 162 4
791 17 4 322 237 4
792 17 4 68 171 4
793 17 4 331 228 4
794 17 4 67 172 4
795 17 4 332 227 4
796 9 2 46 166 4
797 9 2 353 233 4
798 9 2 40 164 4
799 9 2 359 235 4
800 9 2 45 172 4
801 9 2 354 227 4
802 9 2 46 172 4
803 9 2 353 227 4
804 1 2 324 221 1
805 1 2 75 178 1
806 1 2 323 218 1
807 1 2 76 181 1
808 1 2 358 231 1
809 1 2 41 168 1
810 1 2 316 231 1
811 1 2 83 168 1
812 1 2 317 234 1
813 1 2 82 165 1
814 1 2 313 234 2
815 1 2 86 165 2
816 1 2 320 219 2
817 1 2 79 180 2
818 1 2 278 218 1
819 1 2 121 181 1
820 1 2 264 200 1
821 1 2 135 199 1
822 6 2 123 183 4
823 6 2 276 216 4
824 1 2 278 203 1
825 1 2 121 196 1
826 1 2 260 231 1
827 1 2 139 168 1
828 1 2 253 232 1
829 1 2 146 167 1
830 6 2 127 183 4
831 6 2 272 216 4
832 6 2 126 198 4
833 6 2 273 201 4
834 1 2 182 367 1
835 1 2 217 32 1
836 1 2 188 360 1
837 1 2 211 39 1
838 1 2 191 387 1
839 1 2 208 12 1
840 1 2 207 384 1
841 1 2 192 15 1
842 1 2 194 379 1
843 1 2 205 20 1
844 1 2 181 359 1
845 1 2 218 40 1
846 1 2 185 349 1
847 1 2 214 50 1
848 3 2 302 254 0
849 3 2 97 145 0
850 3 2 298 255 1
851 3 2 101 144 1
852 3 2 305 244 1
853 3 2 94 155 1
854 3 2 276 313 1
855 3 2 123 86 1
856 3 2 264 330 1
857 3 2 135 69 1
858 3 2 260 330 1
859 3 2 139 69 1
860 2 2 279 249 4
861 2 2 120 150 4
862 2 2 278 246 4
863 2 2 121 153 4
864 7 2 311 198 4
865 7 2 92 202 4
866 3 2 276 249 4
867 3 2 123 150 4
868 9 2 273 252 4
869 9 2 126 147 4
870 9 2 272 253 4
871 9 2 127 146 4
872 9 2 283 250 4
873 9 2 116 149 4
874 9 2 287 246 4
875 9 2 112 153 4
876 9 2 288 248 4
877 9 2 111 151 4
878 9 2 290 246 4
879 9 2 109 153 4
880 10 2 285 249 4
881 10 2 114 150 4
882 10 2 278 251 4
883 10 2 121 148 4
884 18 4 271 253 4
885 18 4 128 146 4
886 6 2 123 200 4
887 6 2 276 199 4
888 6 2 128 205 4
889 6 2 271 194 4
890 17 4 127 195 4
891 17 4 272 204 4
892 17 4 130 186 4
893 17 4 269 213 4
894 17 4 139 176 4
895 17 4 260 223 4
896 18 4 188 315 4
897 18 4 211 84 4
898 18 4 179 323 4
899 18 4 220 76 4
900 18 4 189 314 4
901 18 4 210 85 4
902 10 2 188 318 4
903 10 2 211 81 4
904 10 2 178 319 4
905 10 2 221 80 4
906 3 2 178 322 0
907 3 2 221 77 0
908 3 2 187 320 4
909 3 2 212 79 4
910 3 2 99 236 4
911 3 2 300 163 4
912 3 2 89 258 4
913 3 2 310 141 4
914 3 2 91 261 4
915 3 2 308 138 4
916 3 2 94 219 4
917 3 2 305 180 4
918 17 4 127 163 4
919 17 4 272 236 4
920 3 2 122 207 4
921 3 2 277 192 4
922 2 2 118 207 4
923 2 2 281 192 4
924 2 2 98 233 4
925 2 2 301 166 4
926 2 2 91 218 4
927 2 2 308 181 4
928 2 2 92 258 4
929 2 2 307 141 4
930 7 2 307 197 4
931 7 2 85 195 4
932 1 2 351 230 3
933 1 2 48 169 3
934 7 2 314 204 4
935 7 2 58 183 4
936 7 2 341 216 4
937 7 2 53 180 4
938 1 2 68 244 3
939 1 2 331 155 3
940 2 2 160 308 4
941 2 2 239 91 4
942 7 2 346 219 4
943 7 2 95 199 4
944 7 2 304 200 4
945 7 2 76 266 4
946 7 2 323 133 4
947 7 2 76 261 4
948 7 2 323 138 4
949 7 2 76 272 4
950 7 2 323 127 4
951 17 4 123 176 4
952 17 4 276 223 4
953 7 2 190 365 4
954 7 2 209 34 4
955 7 2 211 364 4
956 7 2 188 35 4
957 7 2 215 369 4
958 7 2 184 30 4
959 7 2 217 370 4
960 7 2 182 29 4
961 5 2 72 172 4
962 5 2 327 227 4
963 5 2 76 173 4
964 5 2 323 226 4
965 5 2 70 182 4
966 5 2 329 217 4
967 5 2 64 161 4
968 5 2 335 238 4
969 5 2 104 219 4
970 5 2 295 180 4
971 5 2 105 221 4
972 5 2 294 178 4
973 5 2 83 181 4
974 5 2 316 218 4
975 5 2 120 169 4
976 5 2 279 230 4
977 5 2 120 166 4
978 5 2 279 233 4
979 10 2 232 214 4
980 10 2 167 185 4
981 10 2 223 194 4
982 10 2 176 205 4
983 10 2 86 182 4
984 10 2 313 217 4
985 10 2 105 219 4
986 10 2 294 180 4
987 10 2 93 221 4
988 10 2 306 178 4
989 10 2 63 224 4
990 10 2 336 175 4
991 10 2 63 225 4
992 10 2 336 174 4
993 18 4 63 225 4
994 18 4 336 174 4
995 18 4 63 232 4
996 18 4 336 167 4
997 18 4 93 216 4
998 18 4 306 183 4
999 18 4 121 167 4
1000 18 4 278 232 4
1001 18 4 120 210 4
1002 18 4 279 189 4
1003 18 4 168 185 4
1004 18 4 231 214 4
1005 18 4 224 223 4
1006 18 4 175 176 4
1007 1 2 63 238 3
1008 1 2 336 161 3
1009 1 2 76 170 3
1010 1 2 323 229 3
1011 3 2 182 324 2
1012 3 2 216 74 2
1013 2 2 75 234 4
1014 2 2 323 164 4
1015 2 2 214 212 3
1016 2 2 185 187 3
1017 2 2 78 233 4
1018 2 2 320 165 4
1019 3 2 209 214 3
1020 3 2 190 185 3
1021 3 2 205 216 3
1022 3 2 194 183 3
1023 15 2 199 290 1
1024 15 2 191 294 1
1025 2 2 105 213 4
1026 2 2 293 185 4
1027 3 2 189 194 3
1028 3 2 210 205 3
1029 1 2 175 344 3
1030 1 2 224 55 3
1031 2 2 96 182 4
1032 2 2 302 216 4
1033 3 2 286 305 3
1034 3 2 113 94 3
1035 2 2 283 306 3
1036 2 2 116 93 3
1037 2 2 285 312 3
1038 2 2 102 186 4
1039 2 2 296 212 4
1040 2 2 102 183 4
1041 2 2 296 215 4
1042 3 2 114 90 3
1043 3 2 286 309 3
1044 3 2 289 303 3
1045 3 2 110 96 3
1046 18 4 284 309 4
1047 18 4 289 307 4
1048 18 4 110 92 4
1049 10 2 283 313 4
1050 3 2 168 317 3
1051 3 2 231 82 3
1052 3 2 163 308 3
1053 3 2 236 91 3
1054 2 2 179 316 3
1055 2 2 220 83 3
1056 2 2 112 166 4
1057 2 2 286 232 4
1058 3 2 99 181 4
1059 3 2 299 217 4
1060 3 2 106 210 4
1061 3 2 292 188 4
1062 3 2 204 225 3
1063 3 2 195 174 3
1064 3 2 187 222 3
1065 3 2 212 177 3
1066 3 2 82 236 4
1067 3 2 316 162 4
1068 3 2 72 235 4
1069 3 2 326 163 4
1070 3 2 76 240 2
1071 3 2 322 158 2
1072 3 2 98 188 2
1073 3 2 300 210 2
1074 3 2 109 167 2
1075 3 2 289 231 2
1076 3 2 114 169 2
1077 3 2 284 229 2
1078 3 2 112 207 2
1079 3 2 286 191 2
1080 3 2 90 234 2
1081 3 2 308 164 2
1082 15 2 195 294 1
1083 15 2 199 294 1
1084 15 2 191 298 1
1085 15 2 195 298 1
1086 15 2 199 298 1
1087 15 2 244 332 0
1088 15 2 248 332 0
1089 15 2 240 336 0
1090 15 2 244 336 0
1091 15 2 248 336 0
1092 15 2 240 340 0
1093 15 2 244 340 0
1094 15 2 248 340 0
1095 15 2 192 301 0
1096 15 2 196 301 0
1097 15 2 188 305 0
1098 15 2 192 305 0
1099 15 2 196 305 0
1100 15 2 188 309 0
1101 15 2 192 309 0
1102 15 2 196 309 0
