# 05.10.2026 19:23 Messpartie (Pruefstand, Gold/Stein/Holz gesetzt), Bauten {'markt': (145, 272), 'lager': (89, 263), 'kornspeicher': (90, 230), 'steinbruch': (81, 268), 'ochsen': (84, 264), 'eisenmine': (133, 324), 'apfel': (89, 235), 'jaeger': (94, 283), 'holzfaeller': (72, 251), 'huette0': (134, 267), 'huette1': (130, 263), 'huette2': (130, 267)}
tick holz stein eisen fleisch apfel leute
250 9 9 0 15 65 15
500 9 9 0 15 65 20
750 9 9 0 14 65 25
1000 9 9 0 14 64 30
1250 9 9 0 14 64 33
1500 9 9 0 13 63 33
1750 9 9 0 13 63 33
2000 9 9 0 12 67 33
2250 9 9 0 12 66 33
2500 9 9 0 11 66 33
2750 9 9 0 11 65 33
3000 9 9 0 11 65 33
3250 9 9 0 10 64 33
3500 9 9 0 10 64 33
3750 9 9 0 9 64 33
4000 9 21 0 9 68 33
4250 9 21 0 9 69 33
4500 9 21 0 8 71 33
4750 9 21 0 8 71 33
5000 9 21 0 8 71 33
5250 27 21 0 29 70 33
5500 27 21 0 29 70 33
5750 27 21 0 28 74 33
6000 27 21 0 28 74 33
6250 27 21 0 27 74 33
6500 27 33 2 27 77 33
6750 27 33 2 26 77 33
7000 27 33 2 26 76 33
7250 27 33 2 26 76 33
7500 27 33 2 25 76 33
7750 27 33 2 25 75 33
8000 27 33 2 24 75 33
