tick 14719
nr besitzer typ x y leben zustand zielart zieleinheit zieluid zielgebaeude ziel zielx ziely laufx laufy
1 1 1 163 115 2500 8 0 0 0 0 0 0 0 163 115
2 2 13 213 303 2500 5 0 0 0 26 0 0 0 191 292
3 1 55 168 109 150000 13 0 0 0 0 0 0 0 168 109
4 0 44 280 302 2500 205 0 0 0 0 0 280 302 280 302
5 0 44 90 287 2500 205 3 0 0 0 0 0 0 90 287
6 0 44 88 286 2500 205 3 0 0 0 0 0 0 88 286
7 0 44 92 286 2500 205 3 0 0 0 0 0 0 92 286
8 0 44 92 288 2500 205 3 0 0 0 0 0 0 92 288
9 0 44 89 285 2500 205 3 0 0 0 0 0 0 89 285
10 0 44 91 285 2500 205 3 0 0 0 0 0 0 91 285
11 0 44 87 284 2500 205 3 0 0 0 0 0 0 87 284
12 0 44 93 284 2500 205 3 0 0 0 0 0 0 93 284
13 0 44 93 290 2500 205 3 0 0 0 0 0 0 93 290
14 0 44 308 111 2500 205 3 0 0 0 0 0 0 308 111
15 0 44 306 110 2500 205 3 0 0 0 0 0 0 306 110
16 0 44 306 112 2500 205 3 0 0 0 0 0 0 306 112
17 0 44 310 112 2500 205 3 0 0 0 0 0 0 310 112
18 0 44 307 109 2500 205 3 0 0 0 0 0 0 307 109
19 0 44 307 113 2500 205 3 0 0 0 0 0 0 307 113
20 0 44 309 113 2500 205 3 0 0 0 0 0 0 309 113
21 0 44 305 108 2500 205 3 0 0 0 0 0 0 305 108
22 0 44 308 114 2500 205 3 0 0 0 0 0 0 308 114
23 0 44 305 114 2500 205 3 0 0 0 0 0 0 305 114
24 0 44 116 204 2500 205 3 0 0 0 0 0 0 116 204
25 0 44 114 203 2500 205 3 0 0 0 0 0 0 114 203
26 0 44 114 205 2500 205 3 0 0 0 0 0 0 114 205
27 0 44 118 203 2500 205 3 0 0 0 0 0 0 118 203
28 0 44 118 205 2500 205 3 0 0 0 0 0 0 118 205
29 0 44 115 202 2500 205 3 0 0 0 0 0 0 115 202
30 0 44 117 202 2500 205 3 0 0 0 0 0 0 117 202
31 0 44 115 206 2500 205 3 0 0 0 0 0 0 115 206
32 0 44 117 206 2500 205 3 0 0 0 0 0 0 117 206
33 0 44 113 204 2500 205 3 0 0 0 0 0 0 113 204
34 0 44 119 204 2500 205 3 0 0 0 0 0 0 119 204
35 0 44 116 201 2500 205 3 0 0 0 0 0 0 116 201
36 0 44 282 194 2500 205 3 0 0 0 0 0 0 282 194
37 0 44 280 193 2500 205 3 0 0 0 0 0 0 280 193
38 0 44 280 195 2500 205 3 0 0 0 0 0 0 280 195
39 0 44 284 193 2500 205 3 0 0 0 0 0 0 284 193
40 0 44 284 195 2500 205 3 0 0 0 0 0 0 284 195
41 0 44 283 192 2500 205 3 0 0 0 0 0 0 283 192
42 0 44 281 196 2500 205 3 0 0 0 0 0 0 281 196
43 0 44 283 196 2500 205 3 0 0 0 0 0 0 283 196
44 0 44 279 194 2500 205 3 0 0 0 0 0 0 279 194
45 0 44 285 194 2500 205 3 0 0 0 0 0 0 285 194
46 0 44 75 237 2500 205 3 0 0 0 0 0 0 75 237
47 0 44 73 236 2500 205 3 0 0 0 0 0 0 73 236
48 0 44 73 238 2500 205 3 0 0 0 0 0 0 73 238
49 0 44 77 236 2500 205 3 0 0 0 0 0 0 77 236
50 0 44 77 238 2500 205 3 0 0 0 0 0 0 77 238
51 0 44 74 235 2500 205 3 0 0 0 0 0 0 74 235
52 0 44 76 235 2500 205 3 0 0 0 0 0 0 76 235
53 0 44 74 239 2500 205 3 0 0 0 0 0 0 74 239
54 0 44 76 239 2500 205 3 0 0 0 0 0 0 76 239
55 0 44 323 161 2500 205 3 0 0 0 0 0 0 323 161
56 0 44 321 160 2500 205 3 0 0 0 0 0 0 321 160
57 0 44 321 162 2500 205 3 0 0 0 0 0 0 321 162
58 0 44 325 160 2500 205 3 0 0 0 0 0 0 325 160
59 0 44 325 162 2500 205 3 0 0 0 0 0 0 325 162
60 0 44 322 159 2500 205 3 0 0 0 0 0 0 322 159
61 0 44 324 159 2500 205 3 0 0 0 0 0 0 324 159
62 0 44 322 163 2500 205 3 0 0 0 0 0 0 322 163
63 0 44 324 163 2500 205 3 0 0 0 0 0 0 324 163
64 0 44 320 161 2500 205 3 0 0 0 0 0 0 320 161
65 0 44 326 161 2500 205 3 0 0 0 0 0 0 326 161
66 0 44 323 158 2500 205 3 0 0 0 0 0 0 323 158
67 2 52 233 263 1000 1 0 0 0 0 0 0 0 233 263
68 0 44 210 204 2500 203 3 0 0 0 0 210 204 210 204
69 0 44 212 204 2500 203 3 0 0 0 0 212 204 212 204
70 0 44 213 204 2500 203 3 0 0 0 0 213 204 213 204
71 0 44 209 216 2500 203 3 0 0 0 0 209 216 209 216
72 2 64 222 307 60000 18 0 0 0 119 0 0 0 227 288
73 0 44 216 216 2500 203 3 0 0 0 0 216 216 216 216
74 2 22 227 284 10000 105 0 0 0 0 0 0 0 227 284
75 2 4 236 298 2500 1 0 0 0 18 0 0 0 233 288
76 0 44 217 209 2500 203 3 0 0 0 0 217 209 217 209
77 0 44 217 212 2500 203 3 0 0 0 0 217 212 217 212
78 2 63 208 279 60000 8 0 191 0 119 0 0 0 208 279
79 2 13 199 219 2500 3 0 0 0 26 0 0 0 199 219
80 2 22 186 185 10000 8 3 0 0 0 0 0 0 186 185
81 2 4 221 302 2500 2 0 0 0 18 0 0 0 218 293
82 0 44 279 313 2500 205 0 0 0 0 0 279 313 279 313
83 2 24 202 329 12500 1 3 0 0 0 0 0 0 202 329
84 2 13 200 177 2500 3 0 0 0 26 0 0 0 200 177
85 2 3 210 262 10000 9 0 0 0 18 0 0 0 201 268
86 2 24 253 305 12500 2 3 0 0 0 0 0 0 253 305
87 0 44 179 197 2500 205 3 0 0 0 0 0 0 179 197
88 0 44 177 196 2500 205 3 0 0 0 0 0 0 177 196
89 0 44 177 198 2500 205 3 0 0 0 0 0 0 177 198
90 0 44 181 196 2500 205 3 0 0 0 0 0 0 181 196
91 0 44 181 198 2500 205 3 0 0 0 0 0 0 181 198
92 0 44 178 195 2500 205 3 0 0 0 0 0 0 178 195
93 0 44 180 195 2500 205 3 0 0 0 0 0 0 180 195
94 0 44 178 199 2500 205 3 0 0 0 0 0 0 178 199
95 0 44 180 199 2500 205 3 0 0 0 0 0 0 180 199
96 0 44 176 197 2500 205 3 0 0 0 0 0 0 176 197
97 0 44 182 197 2500 205 3 0 0 0 0 0 0 182 197
98 0 44 179 194 2500 205 3 0 0 0 0 0 0 179 194
99 2 64 246 317 60000 18 0 0 0 96 0 0 0 230 287
100 0 44 217 200 2500 205 3 0 0 0 0 0 0 217 200
101 0 44 88 286 2500 205 0 0 0 0 0 0 0 0 0
102 0 44 221 200 2500 205 3 0 0 0 0 0 0 221 200
103 0 44 88 286 2500 205 0 0 0 0 0 0 0 0 0
104 0 44 218 199 2500 205 3 0 0 0 0 0 0 218 199
105 0 44 220 199 2500 205 3 0 0 0 0 0 0 220 199
106 2 64 236 299 60000 18 0 338 0 98 0 0 0 229 286
107 2 13 227 268 2500 5 0 0 0 26 0 0 0 194 225
108 0 44 88 286 2500 205 0 0 0 0 0 0 0 0 0
109 0 44 88 286 2500 205 0 0 0 0 0 0 0 0 0
110 2 13 208 212 2500 8 0 0 0 26 0 0 0 207 211
111 0 44 291 260 2500 205 3 0 0 0 0 0 0 291 260
112 2 4 233 284 2500 7 0 0 0 40 0 0 0 223 280
113 0 44 295 260 2500 205 3 0 0 0 0 0 0 295 260
114 0 44 295 262 2500 205 3 0 0 0 0 0 0 295 262
115 0 44 292 259 2500 205 3 0 0 0 0 0 0 292 259
116 0 44 294 259 2500 205 3 0 0 0 0 0 0 294 259
117 0 44 287 301 2500 205 0 0 0 0 0 287 301 287 301
118 2 1 225 293 2500 109 0 0 0 0 0 0 0 225 293
119 0 44 105 137 2500 205 3 0 0 0 0 0 0 105 137
120 0 44 107 136 2500 205 3 0 0 0 0 0 0 107 136
121 0 44 107 138 2500 205 3 0 0 0 0 0 0 107 138
122 0 44 104 135 2500 205 3 0 0 0 0 0 0 104 135
123 0 44 106 135 2500 205 3 0 0 0 0 0 0 106 135
124 0 44 104 139 2500 205 3 0 0 0 0 0 0 104 139
125 0 44 106 139 2500 205 3 0 0 0 0 0 0 106 139
126 0 44 102 137 2500 205 3 0 0 0 0 0 0 102 137
127 0 44 108 137 2500 205 3 0 0 0 0 0 0 108 137
128 0 44 277 303 2500 205 3 0 0 0 0 277 303 277 303
129 0 44 277 313 2500 205 3 0 0 0 0 277 313 277 313
130 2 13 249 282 2500 7 0 0 0 26 0 0 0 240 287
131 2 64 208 291 60000 101 0 295 0 119 0 0 0 208 291
132 0 44 282 300 2500 205 3 0 0 0 0 282 300 282 300
133 2 63 259 303 60000 1 0 254 0 98 0 0 0 259 303
134 0 44 276 306 2500 205 3 0 0 0 0 276 306 276 306
135 2 64 184 314 60000 101 0 72 0 96 0 0 0 250 314
136 2 64 232 302 60000 18 0 224 0 81 0 0 0 230 288
137 2 55 230 287 150000 13 0 0 0 0 0 0 0 230 287
138 0 44 88 286 2500 205 0 0 0 0 0 0 0 0 0
139 1 1 116 157 2500 7 0 0 0 52 0 0 0 167 115
140 2 13 238 322 2500 7 0 0 0 26 0 0 0 240 287
141 0 44 88 286 2500 205 0 0 0 0 0 0 0 0 0
142 1 13 100 113 2500 6 0 0 0 0 0 0 0 100 113
143 2 6 250 281 5000 1 4 359 521227 26 0 0 0 274 303
144 1 1 165 117 2500 8 0 0 0 0 0 0 0 165 117
145 2 3 259 312 10000 4 0 0 0 16 0 0 0 253 305
146 0 44 88 286 2500 205 0 0 0 0 0 0 0 0 0
147 1 22 165 108 10000 11 3 0 0 0 0 0 0 165 108
148 1 22 164 108 10000 11 3 0 0 0 0 0 0 164 108
149 1 22 166 108 10000 11 3 0 0 0 0 0 0 166 108
150 1 22 165 107 10000 11 3 0 0 0 0 0 0 165 107
151 1 22 164 107 10000 11 3 0 0 0 0 0 0 164 107
152 1 22 166 107 10000 11 3 0 0 0 0 0 0 166 107
153 2 22 231 274 10000 0 3 0 0 0 0 0 0 231 274
154 2 22 243 279 10000 11 3 0 0 0 0 0 0 243 279
155 2 22 223 274 10000 11 3 0 0 0 0 0 0 223 274
156 2 22 223 301 10000 11 3 0 0 0 0 0 0 223 301
157 2 22 231 301 10000 0 3 0 0 0 0 0 0 231 301
158 2 22 241 318 10000 8 3 0 0 0 0 0 0 241 318
159 2 22 230 273 10000 11 3 0 0 0 0 0 0 230 273
160 2 22 242 278 10000 11 3 0 0 0 0 0 0 242 278
161 2 22 223 273 10000 11 3 0 0 0 0 0 0 223 273
162 1 3 117 147 4450 4 0 0 0 127 0 0 0 122 150
163 2 3 254 316 10000 4 0 0 0 15 0 0 0 255 311
164 1 3 136 165 10000 8 0 0 0 65 0 0 0 130 154
165 2 13 228 303 2500 7 0 0 0 26 0 0 0 240 287
166 1 1 167 114 2500 8 0 0 0 56 0 0 0 167 114
167 2 3 261 308 10000 4 0 0 0 15 0 0 0 259 307
168 2 62 248 281 2500 120 0 0 0 26 0 0 0 243 286
169 1 3 141 173 10000 5 0 0 0 127 0 0 0 141 173
170 2 3 212 284 10000 8 0 0 0 15 0 0 0 231 286
171 1 24 169 112 12500 1 3 0 0 0 0 0 0 169 112
172 1 24 168 111 12500 1 3 0 0 0 0 0 0 168 111
173 1 24 170 111 12500 1 3 0 0 0 0 0 0 170 111
174 1 24 168 113 12500 1 3 0 0 0 0 0 0 168 113
175 1 24 170 113 12500 1 3 0 0 0 0 0 0 170 113
176 1 24 167 112 12500 1 3 0 0 0 0 0 0 167 112
177 1 24 171 112 12500 1 3 0 0 0 0 0 0 171 112
178 1 24 171 110 12500 1 3 0 0 0 0 0 0 171 110
179 2 22 223 300 10000 11 3 0 0 0 0 0 0 223 300
180 1 1 163 116 2500 8 0 0 0 0 0 0 0 163 116
181 2 3 198 272 10000 8 0 0 0 15 0 0 0 231 286
182 2 52 245 275 1000 3 0 0 0 0 0 0 0 245 275
183 1 1 166 117 2500 8 0 0 0 0 0 0 0 166 117
184 2 13 188 282 2500 3 0 0 0 26 0 0 0 188 282
185 2 3 193 258 10000 8 0 0 0 15 0 0 0 231 286
186 2 24 223 289 12500 1 3 0 0 0 0 0 0 228 257
187 2 24 227 256 12500 2 3 0 0 0 0 0 0 227 256
188 2 24 222 289 12500 1 3 0 0 0 0 0 0 229 256
189 2 13 219 307 2500 7 0 0 0 26 0 0 0 240 287
190 2 3 196 258 10000 5 0 0 0 15 0 0 0 196 258
191 2 63 235 301 60000 7 0 78 0 37 0 0 0 209 280
192 0 44 88 286 2500 205 0 0 0 0 0 0 0 0 0
193 2 3 193 266 10000 4 0 0 0 16 0 0 0 201 258
194 1 13 112 121 2500 1 0 0 0 0 0 0 0 112 121
195 2 7 218 342 10000 1 0 0 0 0 0 0 0 218 342
196 2 13 246 256 2500 5 0 0 0 26 0 0 0 213 223
197 2 62 239 286 2500 120 0 0 0 26 0 0 0 241 286
198 1 13 104 191 1350 6 0 0 0 52 0 0 0 104 191
199 2 73 257 305 12500 1 3 0 0 0 0 0 0 257 305
200 2 73 220 259 12500 1 3 0 0 0 0 0 0 220 259
201 2 73 211 286 12500 1 3 0 0 0 0 0 0 211 286
202 2 73 256 305 12500 1 3 0 0 0 0 0 0 256 305
203 2 73 219 259 12500 1 3 0 0 0 0 0 0 220 260
204 2 73 212 284 12500 1 3 0 0 0 0 0 0 212 284
205 2 7 217 342 10000 1 0 0 0 0 0 0 0 217 342
206 1 1 163 114 2500 8 0 0 0 0 0 0 0 163 114
207 2 7 216 342 10000 1 0 0 0 0 0 0 0 216 342
208 1 63 161 118 60000 4 0 210 0 66 0 0 0 161 118
209 1 63 160 108 60000 1 0 208 0 67 0 0 0 160 108
210 1 63 160 118 60000 4 0 208 0 68 0 0 0 160 118
211 2 63 249 314 60000 1 0 280 0 70 0 0 0 249 314
212 2 13 291 282 2500 8 0 0 0 26 0 0 0 290 282
213 1 13 110 111 2500 1 0 0 0 0 0 0 0 110 111
214 2 8 221 325 10000 101 0 0 0 78 0 0 0 217 320
215 1 13 101 201 725 6 0 0 0 52 0 0 0 101 201
216 0 44 88 286 2500 205 0 0 0 0 0 0 0 0 0
217 2 62 243 286 2500 2 0 0 0 26 0 0 0 243 286
218 0 44 88 286 2500 205 0 0 0 0 0 0 0 0 0
219 2 13 237 310 2500 5 0 0 0 26 0 0 0 251 332
220 1 1 167 116 375 8 0 0 0 126 0 0 0 167 116
221 2 31 202 329 2500 1 0 0 0 0 0 0 0 202 329
222 1 1 164 117 2500 8 0 0 0 125 0 0 0 164 117
223 2 24 227 284 12500 105 0 0 0 0 0 0 0 227 284
224 2 64 289 274 60000 11 0 228 0 37 0 0 0 171 315
225 2 8 222 326 10000 101 0 0 0 82 0 0 0 227 320
226 1 3 128 173 10000 9 0 0 0 65 0 0 0 134 186
227 2 13 248 286 2500 5 0 0 0 26 0 0 0 280 274
228 2 64 172 315 60000 12 0 224 0 98 0 0 0 172 315
229 1 3 109 171 10000 8 0 0 0 65 0 0 0 130 154
230 2 8 218 335 10000 101 0 0 0 84 0 0 0 212 330
231 1 3 125 148 10000 8 0 0 0 65 0 0 0 130 154
232 2 24 227 284 12500 105 0 0 0 0 0 0 0 227 284
233 0 44 279 313 2500 204 0 0 0 0 0 0 0 0 0
234 2 24 227 284 12500 105 0 0 0 0 0 0 0 227 284
235 1 3 92 184 10000 1 0 0 0 56 0 0 0 83 175
236 0 44 88 286 2500 205 0 0 0 0 0 0 0 0 0
237 0 44 88 286 2500 205 0 0 0 0 0 0 0 0 0
238 1 3 118 192 10000 9 0 0 0 65 0 0 0 111 207
239 0 44 210 204 2500 205 0 0 0 0 0 0 0 0 0
240 1 3 109 96 10000 5 0 0 0 126 0 0 0 109 96
241 1 3 129 94 10000 5 0 0 0 127 0 0 0 129 94
242 2 1 229 293 2500 109 0 0 0 0 0 0 0 229 293
243 2 64 201 313 60000 101 0 0 0 37 0 0 0 249 306
244 1 1 168 114 1075 8 0 0 0 0 0 0 0 168 114
245 1 1 162 116 2500 8 0 0 0 0 0 0 0 162 116
246 2 9 217 320 2500 4 0 0 0 17 0 0 0 217 320
247 2 13 246 256 2500 5 0 0 0 26 0 0 0 210 167
248 2 24 227 286 12500 2 3 0 0 0 0 0 0 227 286
249 0 44 88 286 2500 205 0 0 0 0 0 0 0 0 0
250 2 13 292 276 2500 3 0 0 0 26 0 0 0 292 276
251 1 1 164 118 2500 8 0 0 0 8 0 0 0 164 118
252 2 4 218 279 2500 4 0 0 0 18 0 0 0 218 279
253 2 1 227 291 2500 5 0 0 0 0 0 0 0 227 291
254 2 63 260 302 60000 1 0 133 0 81 0 0 0 260 302
255 1 3 103 152 4600 9 0 0 0 65 0 0 0 99 148
256 2 13 201 239 2500 4 0 0 0 26 0 0 0 196 239
257 1 13 102 123 2500 6 0 0 0 0 0 0 0 102 123
258 2 9 227 320 2500 4 0 0 0 17 0 0 0 227 320
259 2 13 227 277 2500 7 0 0 0 26 0 0 0 240 287
260 1 1 168 116 2500 8 0 0 0 0 0 0 0 168 116
261 1 1 162 114 2500 7 0 0 0 0 0 0 0 162 114
262 2 6 238 275 5000 5 4 311 520461 26 0 0 0 240 287
263 2 64 241 303 60000 101 0 74 0 37 0 0 0 249 306
264 2 13 188 307 2500 3 0 0 0 26 0 0 0 188 307
265 1 1 166 118 2500 8 0 0 0 0 0 0 0 166 118
266 2 13 282 295 2500 2 0 0 0 26 0 0 0 292 282
267 1 1 165 118 2500 8 0 0 0 0 0 0 0 165 118
268 2 22 227 284 10000 105 0 0 0 0 0 0 0 227 284
269 2 9 212 330 2500 4 0 0 0 17 0 0 0 212 330
270 2 57 231 294 2500 7 0 337 520848 0 0 0 0 227 289
271 0 44 88 286 2500 205 0 0 0 0 0 0 0 0 0
272 0 44 88 286 2500 205 0 0 0 0 0 0 0 0 0
273 0 44 276 312 2500 205 0 0 0 0 0 276 312 276 312
274 0 44 306 110 2500 205 0 0 0 0 0 0 0 0 0
275 2 10 246 278 2500 3 0 0 0 27 0 0 0 236 283
276 0 44 88 286 2500 205 0 0 0 0 0 0 0 0 0
277 0 44 306 110 2500 205 0 0 0 0 0 0 0 0 0
278 0 44 114 203 2500 205 0 0 0 0 0 0 0 0 0
279 2 24 227 284 12500 105 0 0 0 0 0 0 0 227 284
280 2 63 250 314 60000 1 0 211 0 96 0 0 0 250 314
281 2 32 226 306 2500 2 0 0 0 28 0 0 0 202 329
282 2 24 96 155 12500 101 0 0 0 0 0 0 0 101 123
283 2 24 227 284 12500 105 0 0 0 0 0 0 0 227 284
284 0 44 210 204 2500 205 0 0 0 0 0 0 0 0 0
285 0 44 88 286 2500 205 0 0 0 0 0 0 0 0 0
286 0 44 210 204 2500 205 0 0 0 0 0 0 0 0 0
287 2 13 217 255 2500 7 0 0 0 26 0 0 0 240 287
288 0 44 88 286 2500 205 0 0 0 0 0 0 0 0 0
289 2 24 227 284 12500 105 0 0 0 0 0 0 0 227 284
290 2 24 97 153 8020 101 0 0 0 0 0 0 0 100 122
291 0 44 88 286 2500 205 0 0 0 0 0 0 0 0 0
292 2 24 227 284 12500 105 0 0 0 0 0 0 0 227 284
293 2 24 227 284 12500 105 0 0 0 0 0 0 0 227 284
294 2 13 251 273 2500 7 0 0 0 26 0 0 0 240 287
295 2 64 236 295 60000 18 0 0 0 96 0 0 0 230 284
296 2 24 227 284 12500 105 0 0 0 0 0 0 0 227 284
297 0 44 88 286 2500 205 0 0 0 0 0 0 0 0 0
298 0 44 284 299 2500 205 0 0 0 0 0 284 299 284 299
299 0 44 210 204 2500 205 0 0 0 0 0 0 0 0 0
300 2 4 230 280 2500 7 0 0 0 40 0 0 0 223 280
301 0 44 210 204 2500 205 0 0 0 0 0 0 0 0 0
302 2 22 231 300 10000 0 3 0 0 0 0 0 0 231 301
303 2 13 286 224 2500 7 0 0 0 26 0 0 0 240 287
304 0 44 286 299 2500 205 0 0 0 0 0 286 299 286 299
305 2 24 227 284 12500 105 0 0 0 0 0 0 0 227 284
306 2 22 241 317 10000 8 3 0 0 0 0 0 0 241 318
307 2 22 252 306 10000 8 3 0 0 0 0 0 0 252 306
308 2 22 187 273 10000 11 3 0 0 0 0 0 0 187 273
309 2 22 186 280 10000 11 3 0 0 0 0 0 0 186 280
310 0 44 282 299 2500 205 0 0 0 0 0 282 299 282 299
311 2 22 227 285 10000 0 3 0 0 0 0 0 0 227 286
312 2 13 185 195 2500 7 0 0 0 26 0 0 0 240 287
313 2 24 201 268 12500 1 3 0 0 0 0 0 0 201 268
314 2 22 290 274 10000 8 3 0 0 0 0 0 0 290 274
315 2 22 197 239 10000 8 3 0 0 0 0 0 0 197 239
316 0 44 277 299 2500 205 0 0 0 0 0 277 299 277 299
317 0 67 239 280 20000 210 0 0 0 0 0 0 0 0 0
318 0 67 239 280 20000 210 0 0 0 0 0 0 0 0 0
319 0 67 239 280 20000 210 0 0 0 0 0 0 0 0 0
320 0 67 239 280 20000 210 0 0 0 0 0 0 0 0 0
321 2 24 227 284 12500 105 0 0 0 0 0 0 0 227 284
322 0 67 239 298 20000 210 0 0 0 0 0 0 0 0 0
323 0 67 239 298 20000 210 0 0 0 0 0 0 0 0 0
324 0 67 239 298 20000 210 0 0 0 0 0 0 0 0 0
325 0 67 239 298 20000 210 0 0 0 0 0 0 0 0 0
326 2 10 186 319 2500 3 0 0 0 27 0 0 0 236 283
327 0 44 276 299 2500 205 0 0 0 0 0 276 299 276 299
328 2 24 185 274 12500 1 3 0 0 0 0 0 0 185 274
329 2 63 207 279 60000 1 0 78 0 123 0 0 0 207 279
330 2 24 185 281 12500 1 3 0 0 0 0 0 0 185 281
331 2 22 227 284 10000 105 0 0 0 0 0 0 0 227 284
332 2 24 227 284 12500 105 0 0 0 0 0 0 0 227 284
333 2 24 227 287 12500 2 3 0 0 0 0 0 0 227 287
334 0 44 295 299 2500 203 0 0 0 0 0 295 299 295 299
335 0 44 210 204 2500 205 0 0 0 0 0 0 0 0 0
336 2 24 228 286 12500 2 3 0 0 0 0 0 0 228 286
337 2 24 228 291 12500 2 3 0 0 0 0 0 0 228 291
338 2 64 228 294 60000 18 0 106 0 123 0 0 0 228 290
339 2 22 200 269 10000 11 3 0 0 0 0 0 0 200 269
340 2 31 262 239 2500 1 0 0 0 0 0 0 0 262 239
341 0 44 210 204 2500 205 0 0 0 0 0 0 0 0 0
342 2 32 261 239 2500 5 0 0 0 0 0 0 0 261 239
343 2 22 289 275 10000 8 3 0 0 0 0 0 0 289 275
344 2 24 195 239 12500 2 3 0 0 0 0 0 0 195 239
345 2 22 227 284 10000 105 0 0 0 0 0 0 0 227 284
346 2 24 227 284 12500 105 0 0 0 0 0 0 0 227 284
347 2 64 208 279 60000 9 0 352 0 123 0 0 0 208 279
348 2 22 227 284 10000 105 0 0 0 0 0 0 0 227 284
349 2 24 227 284 12500 105 0 0 0 0 0 0 0 227 284
350 0 44 210 204 2500 205 0 0 0 0 0 0 0 0 0
351 2 24 229 290 12500 2 3 0 0 0 0 0 0 229 290
352 2 64 207 279 60000 6 0 347 0 123 0 0 0 207 279
353 2 24 227 289 12500 2 3 0 0 0 0 0 0 227 290
354 0 44 210 204 2500 205 0 0 0 0 0 0 0 0 0
355 0 44 288 298 2500 205 0 0 0 0 0 288 298 288 298
356 1 57 194 116 2500 7 0 220 519150 0 0 0 0 165 111
357 0 44 293 298 2500 205 0 0 0 0 0 293 298 293 298
358 0 44 210 204 2500 205 0 0 0 0 0 0 0 0 0
359 0 44 274 303 2500 205 0 0 0 0 0 274 303 274 303
360 2 24 226 290 12500 2 3 0 0 0 0 0 0 226 290
361 2 22 227 284 10000 105 0 0 0 0 0 0 0 227 284
362 2 22 227 284 10000 105 0 0 0 0 0 0 0 227 284
363 0 44 274 301 2500 205 0 0 0 0 0 274 301 274 301
364 0 44 210 204 2500 205 0 0 0 0 0 0 0 0 0
365 2 22 227 284 10000 105 0 0 0 0 0 0 0 227 284
366 2 24 228 285 12500 2 3 0 0 0 0 0 0 228 285
367 2 24 227 284 12500 105 0 0 0 0 0 0 0 227 284
368 2 24 226 286 12500 2 3 0 0 0 0 0 0 226 286
369 0 44 306 110 2500 205 0 0 0 0 0 0 0 0 0
370 0 44 274 310 2500 205 0 0 0 0 0 274 310 274 310
371 0 44 306 110 2500 205 0 0 0 0 0 0 0 0 0
372 0 44 210 204 2500 205 0 0 0 0 0 0 0 0 0
373 2 22 227 286 10000 11 3 0 0 0 0 0 0 227 286
374 0 44 277 319 2500 205 0 0 0 0 0 277 319 277 319
375 2 22 227 285 10000 0 3 0 0 0 0 0 0 227 286
376 2 22 227 284 10000 105 0 0 0 0 0 0 0 227 284
377 2 24 228 290 12500 2 3 0 0 0 0 0 0 228 290
378 0 44 293 297 2500 205 0 0 0 0 0 293 297 293 297
379 2 24 227 290 12500 2 3 0 0 0 0 0 0 227 290
380 2 24 227 284 12500 105 0 0 0 0 0 0 0 227 284
381 2 4 230 297 2500 1 0 0 0 18 0 0 0 233 288
382 0 44 210 204 2500 205 0 0 0 0 0 0 0 0 0
383 2 24 227 302 12500 105 0 0 0 0 0 0 0 208 315
384 0 44 210 204 2500 205 0 0 0 0 0 0 0 0 0
385 2 1 229 292 2500 109 0 0 0 0 0 0 0 229 292
386 0 44 210 204 2500 205 0 0 0 0 0 0 0 0 0
387 0 44 210 204 2500 205 0 0 0 0 0 0 0 0 0
388 0 44 306 110 2500 203 0 0 0 0 0 0 0 0 0
389 0 44 114 203 2500 203 0 0 0 0 0 0 0 0 0
390 0 44 280 193 2500 205 0 0 0 0 0 0 0 0 0
391 0 44 73 236 2500 205 0 0 0 0 0 0 0 0 0
392 2 1 225 294 2500 109 0 0 0 0 0 0 0 225 294
393 1 1 168 115 2500 8 0 0 0 0 0 0 0 168 115
394 2 1 228 295 2500 109 0 0 0 0 0 0 0 228 295
395 0 44 210 204 2500 205 0 0 0 0 0 0 0 0 0
396 0 44 279 313 2500 203 0 0 0 0 0 0 0 0 0
397 0 44 279 313 2500 205 0 0 0 0 0 0 0 0 0
398 0 44 210 204 2500 205 0 0 0 0 0 0 0 0 0
399 2 1 225 292 2500 8 0 0 0 0 0 0 0 225 292
400 2 1 229 294 2500 8 0 0 0 0 0 0 0 229 294
401 2 1 226 295 2500 8 0 0 0 0 0 0 0 226 295
402 2 1 228 294 2500 7 0 0 0 0 0 0 0 230 292
403 2 1 224 294 2500 8 0 0 0 0 0 0 0 224 294
404 0 44 279 313 2500 205 0 0 0 0 0 0 0 0 0
405 2 1 226 296 2500 8 0 0 0 0 0 0 0 226 296
406 2 1 224 292 2500 8 0 0 0 0 0 0 0 224 292
407 0 44 279 313 2500 205 0 0 0 0 0 0 0 0 0
