Eintrag 0 'M14 Eroeffnung Grumpy T756' -> Scrollstand 0, Zeile 0; Spielzeit vorher 26441
['[villagestudio]: LADEPAUSE: scharf (jetzt Tick 26441, pausiert).']
['[villagestudio]: POKE 0x01126628: 0 -> 0', '[villagestudio]: POKE 0x01126624: 0 -> 0', '[villagestudio]: LADEN: Knopf 2 gedrueckt, ok=true', '[villagestudio]: logik: 3 von 3 Befehlen ausgefuehrt, 0 schon erledigt.', '[villagestudio]: LADEPAUSE: Laden erkannt (Spielzeit sprang um -25685) bei Tick 756 - angehalten.', '[villagestudio]: LADEPAUSE: nachgehalten bei Tick 756.', '[villagestudio]: LADEPAUSE: nachgehalten bei Tick 756.', '[villagestudio]: LADEPAUSE: nachgehalten bei Tick 756.']
Spielzeit nachher 756 / 756, Pause 1
Tick 756
== Phase 2: Echtzeit, Tempo 1000, 8 Minuten, Waechter an
Vorab-Kontrolle gut: {'Ansicht': 14, 'gameOver': 0, 'Mensch': 1, 'Platz': 1}
Tick | Holz Stein Eisen | Aepfel Brot | Beliebt | Leute/Platz (Feuer) | Holzf. Apfelb. | Ereignis
 1183 |   0   0   0 |  15  15 |  95.00 | 19/34 (3) | 5 8 | Stellung: 14 Truppen zum Posten (125, 155)
 1439 |   0   0   0 |  15  15 |  96.50 | 24/34 (4) | 6 10 | -
 1672 |   0   0   0 |  14  15 |  98.00 | 28/34 (0) | 10 10 | -
 1884 |   0   0   0 |  14  14 |  99.50 | 33/34 (0) | 14 10 | -
 2105 |   0   0   0 |  14  14 | 100.00 | 34/34 (5) | 14 10 | -
 2329 |   0   0   0 |  13  14 | 100.00 | 34/34 (6) | 14 10 | -
 2553 |   0   0   0 |  17  13 | 100.00 | 34/34 (6) | 14 10 | -
 2793 |   0   0   0 |  24  13 | 100.00 | 34/34 (6) | 14 10 | -
 3020 |   0   0   0 |  32  12 | 100.00 | 34/34 (6) | 14 10 | -
 3231 |   0   0   0 |  32  12 | 100.00 | 34/34 (6) | 14 10 | -
 3441 |   0   0   0 |  39  12 | 100.00 | 34/34 (6) | 14 10 | -
 3691 |   0   0   0 |  39  11 | 100.00 | 34/34 (6) | 14 10 | -
 3903 |   0   0   0 |  39  11 | 100.00 | 34/34 (6) | 14 10 | -
 4132 |   0   0   0 |  38  10 | 100.00 | 34/34 (6) | 14 10 | -
 4331 |   0   0   0 |  38  10 | 100.00 | 34/34 (6) | 14 10 | -
 4572 |   0   0   0 |  42  10 | 100.00 | 34/34 (6) | 14 10 | -
 4781 |   0   0   0 |  47   9 | 100.00 | 34/34 (6) | 14 10 | -
 5019 |  18   0   0 |  62   9 | 100.00 | 34/34 (6) | 14 10 | -
 5254 |  35   0   0 |  75   9 | 100.00 | 34/34 (6) | 14 10 | -
 5484 |  72   0   0 |  75   8 | 100.00 | 34/34 (6) | 14 10 | -
 5737 |  76   0   0 |  74   8 | 100.00 | 34/34 (6) | 14 10 | -
 5969 |  96  12   0 |  74   7 | 100.00 | 34/34 (6) | 14 10 | -
 6186 | 108  12   0 |  74   7 | 100.00 | 34/34 (6) | 14 10 | -
 6438 | 108  12   0 |  73   7 | 100.00 | 34/34 (6) | 14 10 | -
 6531 | 124  12   0 |  73   6 | 100.00 | 34/34 (6) | 14 10 | Lager angebaut (126, 157) (4 Teile)
 6688 | 144  12   0 |  73   6 | 100.00 | 34/34 (6) | 14 10 | -
 6872 | 180  12   0 |  77   6 | 100.00 | 34/34 (6) | 14 10 | Abfangen: 15 Verteidiger zum Laufziel (99,135) von Feind 310 (noch 115 Felder von uns)
 6933 | 180  12   0 |  80   6 | 100.00 | 34/34 (6) | 14 10 | -
 7173 | 198  12   0 | 104   5 | 100.00 | 34/34 (6) | 14 10 | -
 7402 | 198  12   0 | 105   5 | 100.00 | 34/34 (6) | 14 10 | -
 7628 | 198  24   0 | 104   5 | 100.00 | 34/34 (6) | 14 10 | -
 7848 | 210  24   0 | 104   4 | 100.00 | 34/34 (6) | 14 10 | -
 8038 | 234  24   0 | 104   4 | 100.00 | 34/34 (6) | 14 10 | -
 8262 | 240  24   0 | 103   3 | 100.00 | 34/34 (6) | 14 10 | -
 8451 | 252  24   0 | 103   3 | 100.00 | 34/34 (6) | 14 10 | -
 8674 | 271  24   0 | 103   3 | 100.00 | 34/34 (6) | 14 10 | -
 8702 | 276  24   0 | 105   3 | 100.00 | 34/34 (6) | 14 10 | Abwehr gebuendelt: alle 15 (22,24,55) gegen Feind 310 Typ 24 bei (160,196)
 8912 | 301  24   0 | 112   2 | 100.00 | 34/34 (6) | 14 10 | Lager angebaut (127, 152) (8 Teile)
 8980 | 312  24   0 | 112   2 | 100.00 | 34/34 (6) | 14 10 | -
 9187 | 336  24   0 | 132   2 | 100.00 | 34/34 (6) | 14 10 | -
 9418 | 342  24   0 | 140   2 | 100.00 | 34/34 (6) | 14 10 | -
 9527 | 342  24   0 | 140   1 | 100.00 | 34/34 (6) | 14 10 | Abwehr gebuendelt: alle 14 (22,24,55) gegen Feind 311 Typ 24 bei (125,164)
 9667 | 342  24   0 | 140   1 | 100.00 | 34/34 (6) | 14 10 | Abwehr gebuendelt: alle 14 (22,24,55) gegen Feind 312 Typ 24 bei (125,164)
 9917 | 342  36   0 | 139   1 | 100.00 | 34/34 (6) | 14 10 | -
10124 | 360  36   0 | 139   0 | 100.00 | 34/34 (6) | 14 10 | -
10317 | 360  36   0 | 138   0 | 100.00 | 34/34 (6) | 14 10 | -
10505 | 366  36   0 | 136   0 | 100.00 | 34/34 (6) | 14 10 | -
10711 | 383  36   0 | 135   0 | 100.00 | 34/34 (6) | 14 10 | -
10923 | 396  36   0 | 138   0 | 100.00 | 34/34 (6) | 14 10 | -
11131 | 396  36   0 | 152   0 | 100.00 | 34/34 (6) | 14 10 | -
11318 | 396  36   0 | 159   0 | 100.00 | 34/34 (6) | 14 10 | -
11531 | 396  36   0 | 162   0 | 100.00 | 34/34 (6) | 14 10 | -
11726 | 396  48   0 | 161   0 | 100.00 | 34/34 (6) | 14 10 | -
11920 | 411  48   0 | 160   0 | 100.00 | 34/34 (6) | 14 10 | -
12130 | 437  48   0 | 158   0 | 100.00 | 34/34 (6) | 14 10 | -
12189 | 480  48   0 | 158   0 | 100.00 | 34/34 (6) | 14 10 | Lager angebaut (131, 157) (12 Teile)
12391 | 504  48   0 | 157   0 | 100.00 | 34/34 (6) | 14 10 | -
12571 | 504  48   0 | 155   0 | 100.00 | 34/34 (6) | 14 10 | -
12789 | 516  48   0 | 156   0 | 100.00 | 34/34 (6) | 14 10 | -
13005 | 522  48   0 | 157   0 | 100.00 | 34/34 (6) | 14 10 | -
13158 | 522  48   0 | 161   0 | 100.00 | 34/34 (6) | 14 10 | Abfangen: 14 Verteidiger zum Laufziel (99,135) von Feind 297 (noch 114 Felder von uns)
13224 | 522  48   0 | 166   0 | 100.00 | 34/34 (6) | 14 10 | -
13435 | 522  48   0 | 183   0 | 100.00 | 34/34 (6) | 14 10 | -
13599 | 528  48   0 | 187   0 | 100.00 | 34/34 (6) | 14 10 | -
13776 | 528  60   0 | 186   0 | 100.00 | 34/34 (6) | 14 10 | -
13977 | 540  60   0 | 185   0 | 100.00 | 34/34 (6) | 14 10 | -
14160 | 558  60   0 | 184   0 | 100.00 | 34/34 (6) | 14 10 | -
14356 | 558  60   0 | 182   0 | 100.00 | 34/34 (6) | 14 10 | -
14553 | 566  60   0 | 181   0 | 100.00 | 34/34 (6) | 14 10 | -
14757 | 576  60   0 | 180   0 | 100.00 | 34/34 (6) | 14 10 | -
14964 | 612  60   0 | 182   0 | 100.00 | 34/34 (6) | 14 10 | -
14988 | 612  60   0 | 182   0 | 100.00 | 34/34 (6) | 14 10 | Abwehr gebuendelt: alle 14 (22,24,55) gegen Feind 297 Typ 24 bei (160,201)
15234 | 630  60   0 | 188   0 | 100.00 | 34/34 (6) | 14 10 | -
15389 | 648  60   0 | 199   0 | 100.00 | 34/34 (6) | 14 10 | Lager angebaut (132, 148) (16 Teile)
15481 | 666  60   0 | 203   0 | 100.00 | 34/34 (6) | 14 10 | -
15687 | 666  60   0 | 206   0 | 100.00 | 34/34 (6) | 14 10 | -
15887 | 666  72   0 | 205   0 | 100.00 | 34/34 (6) | 14 10 | -
15953 | 666  72   0 | 204   0 | 100.00 | 34/34 (6) | 14 10 | Abwehr gebuendelt: alle 13 (22,24,55) gegen Feind 349 Typ 24 bei (126,165)
16128 | 672  72   0 | 203   0 | 100.00 | 34/34 (6) | 14 10 | -
16318 | 672  72   0 | 202   0 | 100.00 | 34/34 (5) | 14 10 | -
16502 | 674  72   0 | 201   0 | 100.00 | 34/34 (6) | 14 10 | -
16718 | 684  72   0 | 199   0 | 100.00 | 34/34 (6) | 14 10 | -
16931 | 702  72   0 | 198   0 | 100.00 | 34/34 (6) | 14 10 | -
17141 | 720  72   0 | 203   0 | 100.00 | 34/34 (6) | 14 10 | -
17364 | 720  72   0 | 215   0 | 100.00 | 34/34 (6) | 14 10 | -
17574 | 738  72   0 | 219   0 | 100.00 | 34/34 (6) | 14 10 | -
17765 | 756  72   0 | 231   0 | 100.00 | 34/34 (6) | 14 10 | -
17962 | 773  84   0 | 230   0 | 100.00 | 34/34 (6) | 14 10 | -
18159 | 774  84   0 | 229   0 | 100.00 | 34/34 (6) | 14 10 | -
18361 | 792  84   0 | 227   0 | 100.00 | 34/34 (6) | 14 10 | Abfangen: 13 Verteidiger zum Laufziel (126,162) von Feind 354 (noch 44 Felder von uns)
18541 | 792  84   0 | 226   0 | 100.00 | 34/34 (6) | 14 10 | -
18725 | 807  84   0 | 225   0 | 100.00 | 34/34 (6) | 14 10 | -
18801 | 810  84   0 | 224   0 | 100.00 | 34/34 (6) | 14 10 | Abwehr gebuendelt: alle 13 (22,24,55) gegen Feind 354 Typ 24 bei (160,200)
18985 | 810  84   0 | 223   0 | 100.00 | 34/34 (6) | 14 10 | -
19081 | 816  84   0 | 222   0 | 100.00 | 34/34 (6) | 14 10 | Lager angebaut (117, 155) (20 Teile)
19230 | 828  84   0 | 221   0 | 100.00 | 34/34 (6) | 14 10 | -
19441 | 828  84   0 | 239   0 | 100.00 | 34/34 (6) | 14 10 | -
19610 | 828  84   0 | 247   0 | 100.00 | 34/34 (6) | 13 10 | Abwehr gebuendelt: alle 7 (22,55) gegen Feind 388 Typ 24 bei (135,165)
19676 | 828  84   0 | 249   0 | 100.00 | 34/34 (5) | 13 10 | -
19860 | 828  84   0 | 248   0 | 100.00 | 34/34 (6) | 14 10 | -
19902 | 828  84   0 | 248   0 | 100.00 | 34/34 (5) | 14 10 | Lord zurueck zum Bergfried (Leben 49 %)
Ende Phase 2 bei Tick 20024 nach 866 Runden (0.0 s je Runde); Kornspeicher 1, Holzfaeller 14, Apfelplantagen 10; Waechter: Bedrohungen 32, davon tot 17, eigene Truppen verloren 8
